SCC vertex counts: 439404, 174879, 311, 155, 144, 133, 128, 101, 93, 91, 89, 87, 84, 83, 79, 78, 77, 74, 73, 73, 71, 71, 65, 63, 62, 60, 59, 56, 56, 55, 55, 53, 52, 52, 51, 51, 50, 50, 49, 49, 49, 47, 47, 47, 45, 42, 42, 41, 41, 39, 39, 38, 38, 38, 38, 38, 37, 37, 37, 37, 36, 36, 36, 35, 35, 34, 34, 34, 34, 34, 32, 32, 32, 32, 32, 32, 31, 31, 31, 31, 31, 31, 30, 30, 30, 30, 30, 30, 29, 29, 29, 29, 29, 29, 29, 29, 29, 28, 28, 28

mac times:

mac-sderevyanko:4 sderevyanko$ ruby 4_strongly_connected_components.rb 
Building graphs. Current time: 2013-08-09 02:31:37
number of lines in input graph file: 5105042
Finding finishing times. Current time: 2013-08-09 02:49:47
Finding SCCs. Current time: 2013-08-09 02:50:19
find_strongly_connected_components
SCC vertex counts: 439404, 174879, 311, 155, 144, 133, 128, 101, 93, 91, 89, 87, 84, 83, 79, 78, 77, 74, 73, 73, 71, 71, 65, 63, 62, 60, 59, 56, 56, 55, 55, 53, 52, 52, 51, 51, 50, 50, 49, 49, 49, 47, 47, 47, 45, 42, 42, 41, 41, 39, 39, 38, 38, 38, 38, 38, 37, 37, 37, 37, 36, 36, 36, 35, 35, 34, 34, 34, 34, 34, 32, 32, 32, 32, 32, 32, 31, 31, 31, 31, 31, 31, 30, 30, 30, 30, 30, 30, 29, 29, 29, 29, 29, 29, 29, 29, 29, 28, 28, 28
Algorithm finished. Current time: 2013-08-09 02:50:30

Correct answer:
SCC vertex counts: 434821,968,459,313,211